其他	0.12727272727272726	0.2413793103448276	0.16666666666666669
任职	0.7886904761904762	0.7340720221606648	0.7604017216642754
兄弟	0.3333333333333333	0.25	0.28571428571428575
生于地点	0.9333333333333333	0.5957446808510638	0.7272727272727273
政治奥援	0.21052631578947367	0.09523809523809523	0.13114754098360656
请求	0.5714285714285714	0.5	0.5333333333333333
管理	0.6785714285714286	0.4222222222222222	0.5205479452054794
父	0.7391304347826086	0.4722222222222222	0.5762711864406781
封	0.4	0.18181818181818182	0.25000000000000006
母	0.5	1.0	0.6666666666666666
祖孙	0.16666666666666666	0.1	0.125
投靠	0.25	0.16666666666666666	0.2
救援	0.8	0.23529411764705882	0.3636363636363636
见面	0.375	0.25	0.3
攻伐	0.7450980392156863	0.4523809523809524	0.562962962962963
打败	0.42857142857142855	0.3	0.3529411764705882
交谈	0.7142857142857143	0.45454545454545453	0.5555555555555556
杀	0.8	0.64	0.7111111111111111
地点别名	0.8333333333333334	0.5357142857142857	0.6521739130434783
设置	0.39285714285714285	0.34375	0.3666666666666667
派遣	0.7291666666666666	0.7777777777777778	0.7526881720430108
属地	0.8148148148148148	0.5057471264367817	0.6241134751773051
归附	0.75	0.6	0.6666666666666665
离开	0.5714285714285714	0.3076923076923077	0.4
位于	0.627906976744186	0.4153846153846154	0.5
隶属于	1.0	0.043478260869565216	0.08333333333333333
到达	0.813953488372093	0.5384615384615384	0.6481481481481481
作者	0.6428571428571429	0.4090909090909091	0.5000000000000001
别名	0.3333333333333333	0.1875	0.24000000000000005
同僚	0.6363636363636364	0.4375	0.5185185185185185
旧属	1.0	0.6	0.7499999999999999
合作	0.4	0.2857142857142857	0.3333333333333333
游历	1.0	0.25	0.4
治所	0.3333333333333333	0.3333333333333333	0.3333333333333333
修建	1.0	0.5714285714285714	0.7272727272727273
死于时间	0.5	0.3333333333333333	0.4
害怕	0.0	0.0	0
夫妻	0.4	0.4	0.4000000000000001
旧臣	0.0	0.0	0
死于地点	0	0.0	0
micro	0.6432692307692308	0.4948224852071006	0.5593645484949834
macro	0.5585314227386424	0.3741872567833679	0.44814228660883665
