其他	0.13861386138613863	0.21212121212121213	0.16766467065868265
任职	0.8200589970501475	0.7637362637362637	0.7908961593172119
兄弟	0.4117647058823529	0.3333333333333333	0.36842105263157887
生于地点	0.92	0.46938775510204084	0.6216216216216216
政治奥援	0.21739130434782608	0.1111111111111111	0.14705882352941177
请求	0.45454545454545453	0.5555555555555556	0.5
管理	0.6	0.42857142857142855	0.5
父	0.53125	0.4594594594594595	0.4927536231884059
归附	0.42857142857142855	0.6	0.5
母	1.0	1.0	1.0
祖孙	0.25	0.16666666666666666	0.2
投靠	0.16666666666666666	0.14285714285714285	0.15384615384615383
救援	0.6666666666666666	0.3	0.41379310344827586
派遣	0.6206896551724138	0.8	0.6990291262135923
攻伐	0.7164179104477612	0.5581395348837209	0.6274509803921569
杀	0.56	0.56	0.56
交谈	0.65	0.5652173913043478	0.6046511627906976
害怕	0.0	0.0	0
见面	0.5	0.5	0.5
位于	0.5416666666666666	0.4	0.4601769911504425
作者	0.6	0.5454545454545454	0.5714285714285713
地点别名	0.7222222222222222	0.4642857142857143	0.5652173913043479
设置	0.35	0.4375	0.38888888888888884
属地	0.8333333333333334	0.5172413793103449	0.6382978723404256
封	0.5806451612903226	0.4090909090909091	0.4800000000000001
离开	0.4	0.3076923076923077	0.34782608695652173
隶属于	0.3333333333333333	0.043478260869565216	0.07692307692307691
到达	0.7708333333333334	0.5692307692307692	0.6548672566371682
打败	0.5555555555555556	0.5	0.5263157894736842
别名	0.7777777777777778	0.4375	0.56
同僚	0.6666666666666666	0.5	0.5714285714285715
旧属	0.4	0.8	0.5333333333333333
合作	0.42857142857142855	0.42857142857142855	0.42857142857142855
游历	0.0	0.0	0
治所	0.0	0.0	0
修建	0.7142857142857143	0.7142857142857143	0.7142857142857143
死于时间	0.6	1.0	0.7499999999999999
夫妻	0.4	0.4	0.4000000000000001
旧臣	0	0.0	0
死于地点	0.5	1.0	0.6666666666666666
micro	0.6192504258943782	0.5260492040520984	0.5688575899843505
macro	0.4956881960943303	0.4500121970873394	0.47174715333298683