其他	0.16393442622950818	0.30303030303030304	0.21276595744680848
任职	0.7738095238095238	0.8928571428571429	0.8290816326530613
兄弟	0.47368421052631576	0.42857142857142855	0.45
生于地点	0.8367346938775511	0.8367346938775511	0.8367346938775511
政治奥援	0.22727272727272727	0.1111111111111111	0.14925373134328357
请求	0.45454545454545453	0.5555555555555556	0.5
管理	0.6666666666666666	0.6813186813186813	0.6739130434782609
父	0.475	0.5135135135135135	0.4935064935064935
归附	0.42857142857142855	0.6	0.5
母	1.0	1.0	1.0
祖孙	0.25	0.16666666666666666	0.2
投靠	0.16666666666666666	0.14285714285714285	0.15384615384615383
救援	0.6666666666666666	0.3	0.41379310344827586
派遣	0.639344262295082	0.8666666666666667	0.7358490566037736
见面	0.5	0.5	0.5
攻伐	0.7746478873239436	0.6395348837209303	0.7006369426751592
杀	0.6206896551724138	0.72	0.6666666666666666
交谈	0.6190476190476191	0.5652173913043478	0.5909090909090909
害怕	0.0	0.0	0
位于	0.6153846153846154	0.6153846153846154	0.6153846153846154
作者	0.5666666666666667	0.7727272727272727	0.6538461538461539
地点别名	0.6666666666666666	0.5	0.5714285714285715
设置	0.35714285714285715	0.46875	0.40540540540540543
属地	0.7945205479452054	0.6666666666666666	0.725
封	0.6458333333333334	0.7045454545454546	0.6739130434782609
离开	0.4444444444444444	0.3076923076923077	0.3636363636363637
隶属于	0.2	0.043478260869565216	0.07142857142857142
到达	0.7307692307692307	0.5846153846153846	0.6495726495726495
打败	0.5555555555555556	0.5	0.5263157894736842
别名	0.6842105263157895	0.8125	0.742857142857143
同僚	0.5333333333333333	0.5	0.5161290322580646
旧属	0.36363636363636365	0.8	0.5000000000000001
合作	0.42857142857142855	0.42857142857142855	0.42857142857142855
游历	0.0	0.0	0
治所	0.16666666666666666	0.3333333333333333	0.2222222222222222
修建	0.7142857142857143	0.7142857142857143	0.7142857142857143
死于时间	0.6	1.0	0.7499999999999999
夫妻	0.3333333333333333	0.2	0.25
旧臣	0	0.0	0
死于地点	0.3333333333333333	1.0	0.5
micro	0.6222996515679442	0.64616497829233	0.6340078097266596
macro	0.4867909126514026	0.5194046404935696	0.5025692236284593

